634345
632531
363081
351201
241268
622135
912880
179601
585043
884840
877748
542001
828714
1095086
390337
920876
1191868
1326872
1366376
1537486
526461
214647
1514940
1134075
616255
1748754
1625113
1189464
1423402
468729
26350
835530
884174
919826
1170842
1332930
680491
811578
1703473
1530962
564913
1079004
604051
586199
1283464
827412
497337
1071556
699959
1171370
577513
1679156
1721006
853458
1250024
298791
1505700
1172222
1472786
305695
241908
601235
450207
440411
546789
1535116
836346
814184
1742143
980600
620613
892160
1707935
1739143
1435200
1739075
1731268
1321202
1668822
328225
1454642
1622867
252865
1684275
1102664
1696457
903968
450755
1235344
654939
1293160
1702237
820088
474367
969200
1494186
1152168
775193
1430676
1379296
1720174
1706568
1739994
1519084
1453210
628483
1318566
997770
1245978
826762
676703
1759767
614515
874398
1592916
1338074
1175618
1736118
1232728
1704635
1751928
1168670
1285278
1583676
828444
1659110
866778
1136385
1692527
815602
625553
1552938
1253458
1683100
1335712
852842
565855
1479886
1200940
1578082
173903
1658717
1735808
1673096
744139
1614988
1307896
1710194
1559340
1134995
703045
124213
108925
975110
657735
531295
112327
573801
478793
359821
385687
181429
225873
107751
1682566
1598766
106413
297315
260289
820008
514433
666639
82372
482603
729687
320489
691093
203879
916926
333985
1275718
860556
753309
618961
1383536
733759
954432
343859
246880
2029
1195656
459407
499117
543119
806852
212149
8292
1319788
380591
148787
763681
629739
388155
286769
1740443
1421790
426125
378917
549619
569513
1197680
1177918
431145
642337
626549
929336
303199
712775
577279
937884
615409
1694395
729121
221539
85912
525629
806256
1362618
1303224
652507
1663116
163655
809046
541217
876906
1684214
671893
543709
766175
924602
678809
1536122
381441
631029
489267
278615
107281
1002138
274639
786343
1267426
1246964
239276
1669011
1227202
289087
273001
497647
1006290
1536106
322577
645017
1036650
498711
422285
150209
966806
1409950
505081
1667101
721041
1186236
571809
883838
529345
333195
1367432
54264
773101
612941
400681
89331
1607302
380969
836264
981176
1466566
869706
423333
815794
372565
944832
1247740
581655
479977
944414
515017
296093
111397
68088
1126885
758071
866334
603139
790445
393163
305533
399763
927310
277589
266739
1724443
930008
173323
671603
137533
733513
1669182
140723
528919
981962
606843
670291
329575
1257564
1242590
777075
1181626
641699
1005402
441991
1615038
839364
1441358
1626329
308661
581515
647297
482699
1336986
209021
1428660
126013
1331744
678333
1646558
389845
680429
1468688
1150950
1523632
294133
894312
1684802
998620
962880
595133
811696
743563
1493614
568377
933506
772875
1726443
610597
764141
1351704
1501276
1504416
1596568
100841
1675383
188723
1196836
632337
956226
110773
343893
1698083
643949
1387116
452919
963090
395159
1230280
209241
1272232
1299718
1299318
134541
1066150
881928
1527114
344069
553137
79535
1599640
425471
1602350
79715
961760
999674
643133
830242
1251796
220123
645569
1424518
922928
1569224
1464834
103925
572421
339051
1703373
618867
642043
1398664
874876
920666
937390
740959
331717
880238
243656
886098
1152588
408353
1087080
887236
480257
1405380
455683
855746
1731844
425391
618609
461505
940710
1201928
1243020
1306054
1374468
1330084
907052
1124909
839320
1546306
492779
1680735
784277
512645
985952
531335
141253
1250472
270207
1283344
994216
444259
1095870
480373
1616582
1129107
167943
945912
861724
957830
88097
1551784
385137
1198178
99005
1617036
1558314
480027
899046
230855
1061972
942092
530177
1068242
706341
620749
814422
1366694
1587192
811188
715975
778627
1424634
606251
491109
1169390
828636
1501228
1085320
984116
848252
130131
733651
1255982
834064
242776
741097
631353
1269370
273621
193433
811272
1287990
1500308
558777
855900
1175068
505207
1407136
1449250
1035734
740889
1373690
654491
1658470
532691
718111
1452654
1025126
471789
915694
112189
956682
1259970
935768
1006468
437103
471297
500033
453257
1003560
1271634
585929
948976
560947
674859
213561
431413
647269
526093
1127349
930802
1626745
1438422
580971
695663
509295
1022644
646383
882596
113723
699929
224173
887762
516735
1003218
542025
1550280
477277
178613
569759
1630391
445815
748847
260013
498509
480139
552875
1281214
530031
14328
1528
809130
729779
557173
296253
733909
1639451
430509
1612016
1079810
984192
1433442
382695
1747461
1139111
1300126
1221758
435979
1023808
306097
875948
1304144
734089
484397
457651
554513
727509
251895
967902
1300326
351359
1744815
81626
1328960
770175
521887
475277
1138373
1003080
1573686
788349
1207480
299223
1643096
775917
525051
1272448
1734472
197095
1499890
569641
369511
914436
1471974
1598446
1503424
1461682
502951
979566
1106644
989802
897766
558513
284509
911298
120607
381313
905228
68612
855244
96297
1199286
1347804
1578666
970048
1373896
1254962
451701
930292
719833
1324826
1339260
1241860
131317
1670085
291043
734867
634137
1649574
1121561
415731
299105
849910
1162434
863978
1639535
1078
1161028
1674101
1407078
912786
1154634
197399
1211088
568265
669289
1603486
1548392
1707481
1117599
294183
488749
739901
1240224
1374252
174883
852300
56373
1103130
837696
1383190
753181
863698
137753
1610134
425331
139471
1224102
27178
656941
211705
977814
531885
1152660
970534
782835
928
1338526
787565
1024300
549505
910310
1073468
1436650
1152248
1199708
1495076
601143
278137
1050974
1332730
1110576
1201506
1236190
390509
310871
1474448
1338340
526263
1292924
1201294
1545794
1552218
442923
1260554
886246
1529642
838910
1399702
968982
270301
1517842
494585
1005604
728303
1366244
972766
933940
206977
1618411
299273
671563
954390
1234882
1738207
1121839
605703
192357
372629
1685781
1468630
1479892
339969
118583
1556916
1192706
475627
420643
1454424
399057
878628
1275118
940400
1383626
123439
1053634
222985
1665596
1571080
1517774
514755
265441
184705
687233
677735
629653
445371
381151
1646501
1144705
679873
1328416
1199874
469869
406957
911514
1656627
1336062
958770
268579
653911
1448660
1395448
967642
1693121
260483
866438
1214130
950104
1398810
955202
1232672
229299
902426
1420156
199649
681131
692203
1455552
1693066
900972
1645432
746091
1526560
1126241
1029580
944902
740757
1041006
371191
1682725
1581510
1330818
58825
1553548
1240642
1506290
377943
986926
358197
122627
143491
660239
636647
808234
562617
765815
1542460
1127483
1455214
126379
647739
1693364
1345316
1299846
1238940
203603
876170
641317
575459
548341
1292598
757765
1459352
213771
965314
944858
872224
1405478
1269118
460089
180319
951864
896676
1423534
1659418
830210
777813
1508382
442031
1135429
1111838
1433126
167871
948156
1680789
1644370
808416
1622591
493917
1132167
194357
75196
845458
1315290
1470790
1182254
1096848
7827
552829
1589446
250209
996050
850466
1329878
768985
1572520
676799
996828
698879
739503
761785
498701
863546
1675248
1073848
840704
1640349
280489
1633471
1063276
1029408
336771
208429
1466458
1616170
250739
672215
388951
1720205
1100180
1240870
1224010
507465
736091
335347
1484814
79955
697177
577251
1422146
1583470
1275320
432973
340565
1438564
1544250
1666944
216365
24570
1130361
1318802
1216124
594285
1288692
645881
1581444
814494
723315
1031256
1611260
586475
878358
809712
413883
1190240
404723
1269954
1196708
1750845
903002
1099394
1405186
1686148
1529782
296229
1248076
401865
1558052
1116928
1101880
648853
1749518
1068020
188763
594851
829412
587299
387235
1102648
1471648
1650299
1679621
1285912
708685
763467
312721
749885
542027
1475162
1324216
1477358
750201
918116
885660
618433
603229
977546
351613
1211082
1096940
446475
1362058
1295878
1668002
1631271
1249020
1613516
1711451
750189
989544
887350
1391708
1268762
1240930
792407
1703144
1478726
1441450
1104214
741139
698061
474625
1524158
292635
1073272
468651
247600
155645
775805
607687
1327604
1249776
1527592
1442324
1509250
1147433
1718701
1609248
194625
937096
584039
1440268
1088396
150195
807372
1640205
477457
1604900
939118
745067
819222
1554500
1423550
1032816
809360
1259204
1401962
1209054
510821
905232
1689939
1627709
1601246
1458576
721647
872118
798335
1261986
699961
1689956
487665
19072
735447
874476
492763
487295
775925
460841
384235
1436660
1525784
335109
174317
88239
739489
906918
1419562
844152
1346700
1134851
279475
189373
922352
822644
1134643
288085
1035144
197837
1017456
183563
113141
918574
1378582
1686604
480011
443481
286651
887822
778359
1532130
329531
961870
754337
1748987
566937
734235
629791
893362
525617
488957
1135771
1111982
983690
771737
654909
1186044
428705
1027866
659303
498785